--------------------按天更新-----------------

# 6天平均
0.0145, 0.0174, 0.0174, 0.0259, 0.0395, 0.0532
0.0129, 0.0154, 0.0154, 0.0308, 0.0435, 0.0653
0.0099, 0.0157, 0.0157, 0.0336, 0.0607, 0.1409
0.0744, 0.0948, 0.0948, 0.1143, 0.1184, 0.1188  # 0.0457, 0.0617, 0.0617, 0.0776, 0.0804, 0.0807

# 6天最高
0.0438, 0.0575, 0.0575, 0.0661, 0.0963, 0.1002
0.0285, 0.0352, 0.0352, 0.0687, 0.0801, 0.1013
0.0173, 0.028, 0.028, 0.0488, 0.0793, 0.1638
0.0829, 0.1049, 0.1049, 0.125, 0.1297, 0.1297  # 0.0683, 0.0873, 0.0873, 0.103, 0.1062, 0.1064